  1 1 H2O     H (16)O H          161  0.997317       0         0    18 1.50  3  3657 1  1595 1  3756 1
  1 2 H2O     H (18)O H          181  0.00199983  -000         0    20 1.50  3  3650 1  1588 1  3742 1
  1 3 H2O     H (17)O H          171  0.000372     -00         0    19 1.50  3  3653 1  1591 1  3748 1
  2 1 CO2     (16)O (12)C (16)O  626  0.98420       10         0    44 1.00  3  1388 1   667 2  2349 1
  2 2 CO2     (16)O (13)C (16)O  636  0.01106       -7       -50    45 1.00  3  1370 1   648 2  2283 1
  2 3 CO2     (16)O (12)C (18)O  628  0.0039471     41       -50    46 1.00  3  1366 1   662 2  2332 1
  2 4 CO2     (16)O (12)C (17)O  627  0.000734       0         0    45 1.00  3  1376 1   665 2  2340 1
  2 5 CO2     (16)O (13)C (18)O  638  0.00004434     0         0    47 1.00  3  1342 1   643 2  2266 1
  2 6 CO2     (16)O (13)C (17)O  637  0.00000825     0         0    46 1.00  3  1355 1   646 2  2274 1
  2 7 CO2     (18)O (12)C (18)O  828  0.00000396     0         0    48 1.00  3  1347 1   657 2  2314 1
  2 8 CO2     (17)O (12)C (18)O  728  0.00000147     0         0    47 1.00  3  1357 1   660 2  2322 1
  2 9 CO2     (18)O (13)C (18)O  838  0.00000004     0         0    49 1.00  3  1357 1   660 2  2322 1
  3 1 O3      (16)O (16)O (16)O  666  0.992901       0         0    48 1.50  3  1103 1   701 1  1042 1
  3 2 O3      (16)O (16)O (18)O  668  0.00398194   150         0    50 1.50  3  1090 1   685 1  1028 1
  3 3 O3      (16)O (18)O (16)O  686  0.00199097   100         0    50 1.50  3  1074 1   693 1  1008 1
  3 4 O3      (16)O (16)O (17)O  667  0.000740       0         0    49 1.50  3  1036 1   692 1  1095 1
  3 5 O3      (16)O (17)O (16)O  676  0.000370       0         0    49 1.50  3  1024 1   697 1  1088 1
  4 1 N2O     (14)N (14)N (16)O  446  0.990333       0         0    44 1.00  3  2224 1   589 2  1285 1
  4 2 N2O     (14)N (15)N (16)O  456  0.0036409     16       -50    45 1.00  3  2178 1   575 2  1280 1
  4 3 N2O     (15)N (14)N (16)O  546  0.0036409     -2       -20    45 1.00  3  2202 1   585 2  1270 1
  4 4 N2O     (14)N (14)N (18)O  448  0.00198582    21       -30    46 1.00  3  2217 1   584 2  1247 1
  4 5 N2O     (14)N (14)N (17)O  447  0.000369       7       -15    45 1.00  3  2220 1   586 2  1265 1
  4 6 N2O     (15)N (15)N (16)O  556  0.0000112      0         0    46 1.00  3  2155 1   572 2  1265 1
  4 7 N2O     (14)N (15)N (18)O  458  0.00000730     0         0    47 1.00  3  2171 1   565 2  1260 1
  4 8 N2O     (15)N (14)N (18)O  548  0.00000730     0         0    47 1.00  3  2194 1   565 2  1260 1
  5 1 CO      (12)C (16)O         26  0.98654        0         0    28 1.00  1  2143 1
  5 2 CO      (13)C (16)O         36  0.01108      -27         0    29 1.00  1  2096 1
  5 3 CO      (12)C (18)O         28  0.0019782      0         0    30 1.00  1  2092 1
  5 4 CO      (12)C (17)O         27  0.000368       0         0    29 1.00  1  2116 1
  5 5 CO      (13)C (18)O         38  0.00002222     0         0    31 1.00  1  2044 1
  5 6 CO      (13)C (17)O         37  0.00000413     0         0    30 1.00  1  2069 1
  6 1 CH4     (12)C H4           211  0.98827        0         0    16 1.50  4  2916 1  1533 2  3019 3  1311 3
  6 2 CH4     (13)C H4           311  0.01110      -47         0    17 1.50  4  2916 1  1533 2  3010 3  1303 3
  6 3 CH4     (12)C H3 D         212  0.00061575     0         0    17 1.50  6  2969 1  2200 1  1307 1  3017 2  1472 2  1166 2
  6 4 CH4     (13)C H3 D         312  0.00000692     0         0    17 1.50  6  2969 1  2200 1  1307 1  3017 2  1472 2  1166 2
  7 0 O2      O2 CIA              66  0.995262       0         0    32 1.00  1  1556 1
  7 1 O2      (16)O (16)O         66  0.995262       0         0    32 1.00  1  1556 1
  7 2 O2      (16)O (18)O         68  0.00399141    23.5       0    34 1.00  1  1556 1
  7 3 O2      (16)O (17)O         67  0.000742       0         0    33 1.00  1  1556 1
  8 1 NO      (14)N (16)O         46  0.993974       0         0    30 1.23  1  1876 1
  8 2 NO      (15)N (16)O         56  0.0036543      0         0    31 1.23  1  1876 1
  8 3 NO      (14)N (18)O         48  0.00199312     0         0    32 1.23  1  1876 1
  9 1 SO2     (32)S (16)O2       626  0.94568        0         0    64 1.50  3  1152 1   518 1  1362 1
  9 2 SO2     (34)S (16)O2       646  0.04195        0         0    66 1.50  3  1152 1   518 1  1362 1
  9 3 SO2     (33)S (16)O2       636  0.00000        0         0    65 1.50  3  1152 1   518 1  1362 1
 10 1 NO2     (14)N (16)O2       646  0.991616       0         0    46 1.50  3  1320 1   750 1  1617 1
 11 1 NH3     (14)N H3          4111  0.9958715      0         0    17 1.50  4  3337 1   950 1  3444 2  1627 2
 11 2 NH3     (15)N H3          5111  0.0036613      0         0    18 1.50  4  3337 1   950 1  3444 2  1627 2
 12 0 HNO3    HNO3 Pseudolines   146  0.989110       0         0    63 1.50  9  3551 1  1710 1  1326 1  1303 1   879 1   647 1   580 1   763 1   458 1
 12 1 HNO3    H (14)N (16)O3     146  0.989110       0         0    63 1.50  9  3551 1  1710 1  1326 1  1303 1   879 1   647 1   580 1   763 1   458 1
 13 1 OH      (16)O H             61  0.997473       0         0    17 1.05  1  3570 1
 13 2 OH      (18)O H             81  0.00200014     0         0    19 1.05  1  3570 1
 13 3 OH      (16)O D             62  0.00015537     0         0    18 1.05  1  3570 1
 14 1 HF      H (19)F             19  0.99984425     0         0    20 1.00  1  3961 1
 15 1 HCl     H (35)Cl            15  0.757587       0         0    36 1.00  1  2886 1
 15 2 HCl     H (37)Cl            17  0.242257       0         0    38 1.00  1  2884 1
 16 1 HBr     H (79)Br            19  0.50678        0         0    80 1.00  1  2559 1
 16 2 HBr     H (81)Br            11  0.49306        0         0    82 1.00  1  2559 1
 17 1 HI      H (127)I            17  0.999844       0         0   128 1.00  1  2230 1
 18 1 ClO     (35)Cl (16)O        56  0.75591        0         0    51 1.23  1   844 1
 18 2 ClO     (37)Cl (16)O        76  0.24172        0         0    53 1.23  1   837 1
 19 1 OCS     (16)O (12)C (32)S  622  0.93739        0         0    60 1.00  3   859 1   520 2  2062 1
 19 2 OCS     (16)O (12)C (34)S  624  0.04158       11       +74    62 1.00  3   859 1   519 2  2061 1
 19 3 OCS     (16)O (13)C (32)S  632  0.01053        0         0    61 1.00  3   855 1   520 2  2009 1
 19 4 OCS     (16)O (12)C (33)S  623  0.00739908     0         0    61 1.00  3   859 1   520 2  2062 1
 19 5 OCS     (18)O (12)C (32)S  822  0.0018797      0         0    62 1.00  3   859 1   520 2  2062 1
 19 6 OCS     (16)O (13)C (34)S  634  0.000478       0         0    62 1.00  3   859 1   520 2  2026 1
 20 1 H2CO    H2 (12)C (16)O     126  0.98624        0         0    30 1.50  6  2782 1  1746 1  1500 1  1167 1  2843 1  1249 1
 20 2 H2CO    H2 (13)C (16)O     136  0.01108        0         0    31 1.50  6  2782 1  1746 1  1500 1  1167 1  2843 1  1249 1
 20 3 H2CO    H2 (12)C (18)O     128  0.0019776      0         0    32 1.50  6  2782 1  1746 1  1500 1  1167 1  2843 1  1249 1
 21 1 HOCl    H (16)O (35)Cl     165  0.75579        0         0    52 1.50  3  3610 1  1240 1   724 1
 21 2 HOCl    H (16)O (37)Cl     167  0.24168        0         0    54 1.50  3  3610 1  1239 1   724 1
 22 1 HO2     H (16)O2           166  0.995107       0         0    33 1.50  3  1098 1  1392 1  3436 1
 23 1 H2O2    H2 (16)O2         1661  0.994952       0         0    34 2.00  5  3607 1  1394 1   863 1  3608 1  1266 1
 24 1 HONO    H O N O            ???  1.0            0         0    47 1.50  6   540 1   593 1   790 1  1263 1  1699 1  3590 1
 25 1 HO2NO2  H O2 N O2          ???  1.0            0         0    79 2.00 11   200 1   400 1   500 1   633 1   735 1   803 1   880 1  1304 1  1396 1  1728 1  3540 1
 26 0 N2O5    N2O5 Pseudolines   ???  1.0            0         0   108 2.00  9  1728 2   743 2   353 2  1338 1   614 1    85 1   577 1  1247 1   860 1
 26 1 N2O5    (14)N2 (16)O5      ???  1.0            0         0   108 2.00  9  1728 2   743 2   353 2  1338 1   614 1    85 1   577 1  1247 1   860 1
 27 0 ClNO3   ClNO3 Pseudolines 5646  0.74957        0         0    97 2.23  8  1737 1  1293 1   809 1   780 1   563 1   435 1   262 1   711 1   120 1
 27 1 ClNO3   (35)Cl O N O2     5646  0.74957        0         0    97 2.23  8  1737 1  1293 1   809 1   780 1   563 1   435 1   262 1   711 1   120 1
 27 2 ClNO3   (37)Cl O N O2     7646  0.23970        0         0    99 2.23  8  1737 1  1293 1   809 1   780 1   563 1   435 1   262 1   711 1   120 1
 28 1 HCN     H (12)C (14)N      124  0.98511        0         0    27 1.00  3  3311 1   712 2  2097 1
 28 2 HCN     H (13)C (14)N      134  0.01107        0         0    28 1.00  3  3311 1   713 2  2097 1
 28 3 HCN     H (12)C (15)N      125  0.0036217      0         0    28 1.00  3  3311 1   713 2  2097 1
 29 1 CH3F    (12)C H3 (19)F     ???  1.0            0         0    34 1.50  6  2930 1  1464 1  1049 1  3006 2  1467 2  1182 2
 30 1 CH3Cl   (12)C H3 (35)Cl    215  0.74894        0         0    50 1.50  6  2968 1  1355 1   733 1  3039 2  1452 2  1018 2
 30 2 CH3Cl   (12)C H3 (37)Cl    217  0.23949        0         0    52 1.50  6  2968 1  1355 1   733 1  3039 2  1452 2  1018 2
 31 0 CF4     CF4 Pseudolines    ???  1.0            0         0    88 1.50  4   909 1   435 2  1283 3   632 3
 31 1 CF4     (12)C (19)F4       ???  1.0            0         0    88 1.50  4   909 1   435 2  1283 3   632 3
 32 0 CCl2F2  CCl2F2 Pseudolines ???  1.0            0         0   121 1.50  9  1102 1   667 1   468 1   262 1   321 1  1161 1   462 1   923 1   437 1
 32 1 CCl2F2  (12)C Cl2 (19)F2   ???  1.0            0         0   121 1.50  9  1102 1   667 1   468 1   262 1   321 1  1161 1   462 1   923 1   437 1
 33 0 CCl3F   CCl3F Pseudolines  ???  1.0            0         0   137 1.50  6  1083 1   535 1   351 1   847 2   395 2   243 2
 33 1 CCl3F   (12)C Cl3 (19)F    ???  1.0            0         0   137 1.50  6  1083 1   535 1   351 1   847 2   395 2   243 2
 34 1 CH3CCl3 C H3 C Cl3         ???  1.0            0         0   133 2.00 12   344 1   526 1  1010 1  1386 1  2951 1   239 2   303 2   724 2  1088 2  1455 2  3013 2   239 2
 35 0 CCl4    CCl4 Pseudolines   ???  1.0            0         0   154 1.50  4   464 1   217 2   799 3   316 3
 35 1 CCl4    (12)C Cl4          ???  1.0            0         0   154 1.50  4   464 1   217 2   799 3   316 3
 36 1 COF2    C O F2             269  0.98654        0         0    66 1.50  6  1944 1   963 1   582 1  1242 1   619 1   774 1
 37 1 COFCl   C O F 35Cl        2695  1.0            0         0    82 1.50  6  1868 1  1095 1   764 1   501 1   415 1   667 1
 37 2 COFCl   C O F 37Cl        2697  1.0            0         0    84 1.50  6  1868 1  1095 1   764 1   501 1   415 1   667 1
 38 0 C2H6    Pseudolines       1221  0.97669        0         0    30 1.90 11  2896 1  1379 1   995 1  2954 1  1388 1  2985 2  1472 2   822 2  2969 2  1468 2  1192 2
 38 1 C2H6    (12)C2 H6         1221  0.97669        0         0    30 1.90 11  2896 1  1379 1   995 1  2954 1  1388 1  2985 2  1472 2   822 2  2969 2  1468 2  1192 2
 39 1 C2H4    (12)C2 H4          221  0.977294       0         0    28 1.50 12  3026 1  1623 1  1342 1  1023 1  3103 1  1236 1   949 1   943 1  3106 1   826 1  2989 1  1444 1
 39 2 C2H4    (13)C2 H4          231  0.0219595      0         0    28 1.50 12  3026 1  1623 1  1342 1  1023 1  3103 1  1236 1   949 1   943 1  3106 1   826 1  2989 1  1444 1
 40 1 C2H2    (12)C2 H2         1221  0.97760        0         0    26 1.00  5  3374 1  1974 1  3289 2   612 1   730 1
 40 2 C2H2    (12)C (13)C H2    1231  0.02197        0         0    27 1.00  5  3374 1  1974 1  3289 2   612 1   730 1
 41 0 N2      N2 CIA              44  0.9926874      0         0    28 1.00  1  2330 1
 41 1 N2      (14)N2              44  0.9926874      0         0    28 1.00  1  2330 1
 42 0 CHClF2  F22 Pseudolines    ???  1.0            0         0    86 1.50  9  3023 1   422 1  1178 1   595 1   365 1  1311 1   809 1  1347 1  1116 1
 42 1 CHClF2  C H Cl F2          ???  1.0            0         0    86 1.50  9  3023 1   422 1  1178 1   595 1   365 1  1311 1   809 1  1347 1  1116 1
 43 1 COCl2   C O 35Cl 35Cl      ???  1.0            0         0    98 1.50  6  1830 1   574 1   303 1   586 1   849 1   445 1
 43 2 COCl2   C O 35Cl 37Cl      ???  1.0            0         0   100 1.50  6  1830 1   574 1   303 1   586 1   848 1   445 1
 43 3 COCl2   C O 37Cl 37Cl      ???  1.0            0         0   102 1.50  6  1830 1   574 1   303 1   586 1   847 1   445 1
 44 1 CH3Br   (12)C H3 (79)Br    ???  1.0            0         0    94 1.50  6  2973 1  1306 1   611 1  3056 2  1443 2   955 2
 44 2 CH3Br   (12)C H3 (81)Br    ???  1.0            0         0    96 1.50  6  2973 1  1306 1   611 1  3056 2  1443 2   955 2
 45 1 CH3I    (12)C H3 (127)I    ???  1.0            0         0   142 1.50  6  2933 1  1252 1   533 1  3060 2  1436 2   882 2
 46 1 HCOOH   H (12)C O O H      126  0.983898       0         0    46 1.50  9  3570 1  2943 1  1770 1  1387 1  1229 1  1105 1   625 1  1033 1   638 1
 47 1 H2S     H2 (32)S           121  0.94988        0         0    34 1.50  3  2615 1  1183 1  2626 1
 47 2 H2S     H2 (34)S           141  0.04214        0         0    36 1.50  3  2615 1  1183 1  2626 1
 47 3 H2S     H2 (33)S           131  0.007498       0         0    35 1.50  3  2615 1  1183 1  2626 1
 48 1 CHCl2F  C H Cl2 F          ???  1.0            0         0   103 1.50  9  3024 1  1315 1  1079 1   744 1   458 1   277 1  1238 1   807 1   367 1
 49 1 HDO     H D (16)O          162  0.0003107      0         0    19 1.50  3  1403 1  2724 1  3707 1
 49 2 HDO     H D (18)O          182  0.0000006      0         0    21 1.50  3  1403 1  2724 1  3708 1
 49 3 HDO     H D (17)O          172  0.0000001      0         0    20 1.50  3  1403 1  2724 1  3708 1
 50 0 SF6     SF6  Pseudolines   ???  1.0            0         0   146 1.50  6   774 1   642 2   948 3   615 3   523 3   346 3
 50 1 SF6     (32)S (19)F6       ???  1.0            0         0   146 1.50  6   774 1   642 2   948 3   615 3   523 3   346 3
 51 0 F113    CClF2CCl2F Pseudo  ???  1.0            0         0   187 2.00 12  1100 1   807 1   348 1   675 1   372 1  1250 2   619 2   372 2   778 2   271 2   114 2    68 2
 51 1 F113    CClF2CCl2F         ???  1.0            0         0   187 2.00 12  1100 1   807 1   348 1   675 1   372 1  1250 2   619 2   372 2   778 2   271 2   114 2    68 2
 52 1 ClCN    ClCN               ???  1.0            0         0    62 1.00  3  2570 1   685 1  1028 1
 53 0 F142b   CH3CClF2 pseudo    ???  1.0            0         0   101 2.00 17  3141 1  3063 1  1483 1  1421 1  1218 1  1129 1   892 1   669 1   539 1   424 1   301 1  3158 1  1480 1  1185 1   963 1   430 1   330 1   236 1
 54 0 dust_m  Mars Dust pseudo   ???  1.0            0         0     0 0.00  0
 55 1 PH3     PH3               1111  0.99955        0         0    34 1.50  4  3337 1   992 1  3444 2  1180 2
 56 1 CH3OH   Methanol (CH3OH)   ???  1.0            0         0    32 1.90 11  3681 1  2999 1  2844 1  1477 1  1454 1  1340 1  1074 1  1033 1  2970 1  1465 1  1145 1   270 1
 57 0 CH3SH   Methyl Mercaptan   ???  1.0            0         0    48 1.90 11  3015 1  2948 1  2605 1  1453 1  1332 1  1072 1   802 1   710 1  3012 1  1444 1   956 1   200 1
 58 0 CH3CHO  Acetaldehyde       ???  1.0            0         0    44 1.50 15  3005 1  2917 1  2822 1  1743 1  1441 1  1400 1  1352 1  1113 1   919 1   509 1  2967 1  1420 1   867 1   763 1   180 1
 59 0 CH3CN   Aceto-Nitrile      ???  1.0            0         0    41 1.50  8  2954 1  2267 1  1385 1   920 1  3009 2  1448 2  1041 2   362 2
 59 1 CH3CN   Aceto-Nitrile      ???  1.0            0         0    41 1.50  8  2954 1  2267 1  1385 1   920 1  3009 2  1448 2  1041 2   362 2
 60 0 PAN     C2H3O5N pseudo     ???  1.0            0         0   121 2.00 27  3164 1  3121 1  3058 1  1880 1  1806 1  1475 1  1471 1  1400 1  1352 1  1172 1  1065 1   999 1   984 1   828 1   806 1   736 1   727 1   616 1   585 1   495 1   373 1   327 1   316 1   100 1    96 1    82 1    24 1
 61 0 NF3     NF3  Pseudolines   ???  1.0            0         0    71 1.50  4  1032 1   647 1   905 2   493 2
 62 0 ClOOCl  ClOOCl Birk/zhu    ???  1.0            0         0   103 1.50  6   753 1   543 1   326 1   127 1   647 1   418 1
 63 0 ClClO2  ClClO2 Muller/zhu  ???  1.0            0         0   103 1.50  6  1041 1   524 1   440 1   271 1  1218 1   251 1
 64 0 ClOClO  ClOClO Jacobs/zhu  ???  1.0            0         0   103 1.50  6   994 1   696 1   440 1   338 1   258 1   116 1
 65 0 CHF3    HFC-23 Pseudolines ???  1.0            0         0    70 1.50  6  3035 1  1141 1   700 1  1378 2  1158 2   508 2
 66 0 F141b   CH3CClF2 pseudo    ???  1.0            0         0   117 2.00 17  3141 1  3063 1  1095 1  1163 1   418 1   529 1   928 1   757 1  1120 1  1387 1   225 1  3158 1   480 1   300 1   275 1   250 1   225 1   200 1
 67 0 CH3COOH Acetic Acid PLL    ???  1.0            0         0    60 1.50 18  3583 1  3051 1  2944 1  1788 1  1430 1  1382 1  1264 1  1182 1   989 1   847 1   657 1   581 1  2996 1  1430 1  1048 1   642 1   534 1    93 1
 68 1 AIR     Air                ???  1.0            0         0    29 0.00  0
