 1 1 H2O     H (16)O H          161  0.997317   18 1.50  3  3657 1  1595 1  3756 1
 1 2 H2O     H (18)O H          181  0.00199983 20 1.50  3  3650 1  1588 1  3742 1
 1 3 H2O     H (17)O H          171  0.000372   19 1.50  3  3653 1  1591 1  3748 1
 2 1 CO2     (16)O (12)C (16)O  626  0.98420    44 1.00  3  1388 1   667 2  2349 1
 2 2 CO2     (16)O (13)C (16)O  636  0.01106    45 1.00  3  1370 1   648 2  2283 1
 2 3 CO2     (16)O (12)C (18)O  628  0.0039471  46 1.00  3  1366 1   662 2  2332 1
 2 4 CO2     (16)O (12)C (17)O  627  0.000734   45 1.00  3  1376 1   665 2  2340 1
 2 5 CO2     (16)O (13)C (18)O  638  0.00004434 47 1.00  3  1342 1   643 2  2266 1
 2 6 CO2     (16)O (13)C (17)O  637  0.00000825 46 1.00  3  1355 1   646 2  2274 1
 2 7 CO2     (18)O (12)C (18)O  828  0.00000396 48 1.00  3  1347 1   657 2  2314 1
 2 8 CO2     (17)O (12)C (18)O  728  0.00000147 47 1.00  3  1357 1   660 2  2322 1
 3 1 O3      (16)O (16)O (16)O  666  0.992901   48 1.50  3  1103 1   701 1  1042 1
 3 2 O3      (16)O (16)O (18)O  668  0.00398194 50 1.50  3  1090 1   685 1  1028 1
 3 3 O3      (16)O (18)O (16)O  686  0.00199097 50 1.50  3  1074 1   693 1  1008 1
 3 4 O3      (16)O (16)O (17)O  667  0.000740   49 1.50  3  1036 1   692 1  1095 1
 3 5 O3      (16)O (17)O (16)O  676  0.000370   49 1.50  3  1024 1   697 1  1088 1
 4 1 N2O     (14)N (14)N (16)O  446  0.990333   44 1.00  3  2224 1   589 2  1285 1
 4 2 N2O     (14)N (15)N (16)O  456  0.0036409  45 1.00  3  2178 1   575 2  1280 1
 4 3 N2O     (15)N (14)N (16)O  546  0.0036409  45 1.00  3  2202 1   585 2  1270 1
 4 4 N2O     (14)N (14)N (18)O  448  0.00198582 46 1.00  3  2217 1   584 2  1247 1
 4 5 N2O     (14)N (14)N (17)O  447  0.000369   45 1.00  3  2220 1   586 2  1265 1
 4 6 N2O     (15)N (15)N (16)O  556  0.000000   46 1.00  3  2155 1   572 2  1265 1
 4 7 N2O     (14)N (15)N (18)O  458  0.000000   47 1.00  3  2171 1   565 2  1260 1
 4 8 N2O     (15)N (14)N (18)O  548  0.000000   47 1.00  3  2194 1   565 2  1260 1
 5 1 CO      (12)C (16)O         26  0.98654    28 1.00  1  2143 1
 5 2 CO      (13)C (16)O         36  0.01108    29 1.00  1  2096 1
 5 3 CO      (12)C (18)O         28  0.0019782  30 1.00  1  2092 1
 5 4 CO      (12)C (17)O         27  0.000368   29 1.00  1  2116 1
 5 5 CO      (13)C (18)O         38  0.00002222 31 1.00  1  2044 1
 5 6 CO      (13)C (17)O         37  0.00000413 30 1.00  1  2069 1
 6 1 CH4     (12)C H4           211  0.98827    16 1.50  4  2916 1  1533 2  3019 3  1311 3
 6 2 CH4     (13)C H4           311  0.01110    17 1.50  4  2916 1  1533 2  3010 3  1303 3
 6 3 CH4     (12)C H3 D         212  0.00061575 17 1.50  6  2969 1  2200 1  1307 1  3016 2  1472 2  1161 2
 7 1 O2      (16)O (16)O         66  0.995262   32 1.00  1  1556 1
 7 2 O2      (16)O (18)O         68  0.00399141 34 1.00  1  1556 1
 7 3 O2      (16)O (17)O         67  0.000742   33 1.00  1  1556 1
 8 1 NO      (14)N (16)O         46  0.993974   30 1.23  1  1876 1
 8 2 NO      (15)N (16)O         56  0.0036543  31 1.23  1  1876 1
 8 3 NO      (14)N (18)O         48  0.00199312 32 1.23  1  1876 1
 9 1 SO2     (32)S (16)O2       626  0.94568    64 1.50  3  1152 1   518 1  1362 1
 9 2 SO2     (34)S (16)O2       646  0.04195    66 1.50  3  1152 1   518 1  1362 1
10 1 NO2     (14)N (16)O2       646  0.991616   46 1.50  3  1320 1   750 1  1617 1
11 1 NH3     (14)N H3          4111  0.9958715  17 1.50  4  3337 1   950 1  3444 2  1630 2
11 2 NH3     (15)N H3          5111  0.0036613  18 1.50  4  3337 1   950 1  3444 2  1630 2
12 1 HNO3    H (14)N (16)O3     146  0.989110   63 1.50  9  3550 1  1710 1  1303 1  1326 1   879 1   647 1   579 1   762 1   456 1
13 1 OH      (16)O H             61  0.997473   17 1.05  1  3570 1
13 2 OH      (18)O H             81  0.00200014 19 1.05  1  3570 1
13 3 OH      (16)O D             62  0.00015537 18 1.05  1  3570 1
14 1 HF      H (19)F             19  0.99984425 20 1.00  1  3961 1
15 1 HCl     H (35)Cl            15  0.757587   36 1.00  1  2886 1
15 2 HCl     H (37)Cl            17  0.242257   38 1.00  1  2884 1
16 1 HBr     H (79)Br            19  0.50678    80 1.00  1  2559 1
16 2 HBr     H (81)Br            11  0.49306    82 1.00  1  2559 1
17 1 HI      H (127)I            17  0.999844  128 1.00  1  2230 1
18 1 ClO     (35)Cl (16)O        56  0.75591    51 1.23  1   844 1
18 2 ClO     (37)Cl (16)O        76  0.24172    53 1.23  1   837 1
19 1 OCS     (16)O (12)C (32)S  622  0.93739    60 1.00  3   859 1   520 2  2062 1
19 2 OCS     (16)O (12)C (34)S  624  0.04158    62 1.00  3   859 1   520 2  2062 1
19 3 OCS     (16)O (13)C (32)S  632  0.01053    61 1.00  3   859 1   520 2  2062 1
19 4 OCS     (18)O (12)C (32)S  822  0.0018797  62 1.00  3   859 1   520 2  2062 1
19 5 OCS     (16)O (13)C (34)S  634  0.000478   62 1.00  3   859 1   520 2  2062 1
20 1 H2CO    H2 (12)C (16)O     126  0.98624    30 1.50  6  2782 1  1746 1  1500 1  1167 1  2843 1  1249 1
20 2 H2CO    H2 (13)C (16)O     136  0.01108    31 1.50  6  2782 1  1746 1  1500 1  1167 1  2843 1  1249 1
20 3 H2CO    H2 (12)C (18)O     128  0.0019776  32 1.50  6  2782 1  1746 1  1500 1  1167 1  2843 1  1249 1
21 1 HOCl    H (16)O (35)Cl     165  0.75579    52 1.50  3  3610 1  1240 1   724 1
21 2 HOCl    H (16)O (37)Cl     167  0.24168    54 1.50  3  3610 1  1239 1   724 1
22 1 HO2     H (16)O2           166  0.995107   33 1.50  3  1098 1  1392 1  3436 1
23 1 H2O2    H2 (16)O2         1661  0.994952   34 2.00  5  3607 1  1394 1   863 1  3608 1  1266 1
24 1 HONO    H O N O            ???  1.0        47 1.50  6   540 1   593 1   790 1  1263 1  1699 1  3590 1
25 1 HO2NO2  H O2 N O2          ???  1.0        79 2.00 11   200 1   400 1   500 1   633 1   735 1   803 1   880 1  1304 1  1396 1  1728 1  3540 1
26 1 N2O5    (14)N2 (16)O5      ???  1.0       108 2.00  9  1728 2   743 2   353 2  1338 1   614 1    85 1   577 1  1247 1   860 1
27 1 ClNO3   (35)Cl O N O2     5646  0.74957    97 2.23  8   711 1   270 1   434 1   560 1   780 1   809 1  1292 1  1735 1
27 2 ClNO3   (37)Cl O N O2     7646  0.23970    99 2.23  8   711 1   270 1   434 1   560 1   780 1   809 1  1292 1  1735 1
28 1 HCN     H (12)C (14)N      124  0.98511    27 1.00  3  3311 1   712 2  2097 1
28 2 HCN     H (13)C (14)N      134  0.01107    28 1.00  3  3311 1   713 2  2097 1
28 3 HCN     H (12)C (15)N      125  0.0036217  28 1.00  3  3311 1   713 2  2097 1
29 1 CH3F    (12)C H3 (19)F     ???  1.0        34 1.50  6  2930 1  1464 1  1049 1  3006 2  1467 2  1182 2
30 1 CH3Cl   (12)C H3 (35)Cl    215  0.74894    50 1.50  6  2968 1  1355 1   733 1  3039 2  1452 2  1018 2
30 2 CH3Cl   (12)C H3 (37)Cl    217  0.23949    52 1.50  6  2968 1  1355 1   733 1  3039 2  1452 2  1018 2
31 1 CF4     (12)C (19)F4       ???  1.0        88 1.50  4   909 1   435 2  1283 3   632 3
32 1 CCl2F2  (12)C Cl (19)F2    ???  1.0       121 1.50  9  1102 1   667 1   468 1   262 1   321 1  1161 1   462 1   923 1   437 1
33 1 CCl3F   (12)C Cl3 (19)F    ???  1.0       137 1.50  6  1083 1   535 1   351 1   847 2   395 2   243 2
34 1 CH3CCl3 C H3 C Cl3         ???  1.0       133 2.00 12   344 1   526 1  1010 1  1386 1  2951 1   239 2   303 2   724 2  1088 2  1455 2  3013 2   239 2
35 1 CCl4    (12)C Cl4          ???  1.0       154 1.50  4   459 1   217 2   799 3   314 3
36 1 COF2    C O F2             269  0.98654    66 1.50  6  1944 1   963 1   582 1  1242 1   619 1   774 1
37 1 CFClO   C F Cl O           ???  1.0        82 1.50  6  1868 1  1095 1   776 1   501 1   415 1   667 1
38 1 C2H6    (12)C2 H6         1221  0.97669    30 1.90 11  2896 1  1379 1   995 1  2954 1  1388 1  2985 2  1472 2   822 2  2969 2  1468 2  1192 2
39 1 C2H4    (12)C2 H4          ???  1.0        28 1.50 12  3026 1  1623 1  1342 1  1023 1  3103 1  1236 1   949 1   943 1  3106 1   826 1  2989 1  1444 1
40 1 C2H2    (12)C2 H2         1221  0.97760    26 1.00  5  3374 1  1974 1  3289 1   612 2   730 2
40 2 C2H2    (12)C (13)C H2    1231  0.02197    27 1.00  5  3374 1  1974 1  3289 1   612 2   730 2
41 1 N2      (14)N2              44  0.9926874  28 1.00  1  2330 1
42 1 CHClF2  C H Cl F2          ???  1.0        86 1.50  9  3023 1   422 1  1178 1   595 1   365 1  1311 1   809 1  1347 1  1116 1
43 1 COCl2   C O 35Cl 35Cl      ???  1.0        98 1.50  6  1830 1   574 1   303 1   586 1   849 1   445 1
43 2 COCl2   C O 35Cl 37Cl      ???  1.0       100 1.50  6  1830 1   574 1   303 1   586 1   848 1   445 1
43 3 COCl2   C O 37Cl 37Cl      ???  1.0       102 1.50  6  1830 1   574 1   303 1   586 1   847 1   445 1
44 1 CH3Br   (12)C H3 (79)Br    ???  1.0        94 1.50  6  2973 1  1306 1   611 1  3056 2  1443 2   955 2
44 2 CH3Br   (12)C H3 (81)Br    ???  1.0        96 1.50  6  2973 1  1306 1   611 1  3056 2  1443 2   955 2
45 1 CH3I    (12)C H3 (127)I    ???  1.0       142 1.50  6  2933 1  1252 1   533 1  3060 2  1436 2   882 2
46 1 HCOOH   H (12)C O O H      126  0.983898   46 1.50  9  3570 1  2943 1  1770 1  1387 1  1229 1  1105 1   625 1  1033 1   638 1
47 1 H2S     H2 (32)S           121  0.94988    34 1.50  3  2615 1  1183 1  2626 1
47 2 H2S     H2 (34)S           141  0.04214    36 1.50  3  2615 1  1183 1  2626 1
47 3 H2S     H2 (33)S           131  0.007498   35 1.50  3  2615 1  1183 1  2626 1
48 1 CHCl2F  C H Cl2 F          ???  1.0       103 1.50  9  3024 1  1315 1  1079 1   744 1   458 1   277 1  1238 1   807 1   367 1
49 1 HDO     H D (16)O          162  0.0003107  19 1.50  3  1403 1  2724 1  3707 1
49 2 HDO     H D (18)O          162  0.0000006  21 1.50  3  1403 1  2724 1  3708 1
50 1 SF6     (32)S (19)F6       ???  1.0       146 1.50  6   774 1   642 2   948 3   615 3   523 3   346 3
51 1 F113    CClF2CCl2F         ???  1.0       187 2.00 12  1100 1   807 1   348 1   675 1   372 1  1250 2   619 2   372 2   778 2   271 2   114 2    68 2
52 1 ClCN    ClCN               ???  1.0        62 1.00  3  2570 1   685 1  1028 1
53 1 F142b   CH3CClF2 pseudo    ???  1.0       101 2.00 12   344 1   681 1  1104 1  1396 1  2951 1   339 2   303 2   905 2  1135 2  1455 2  3013 2   239 2
